750
998
997
994
992
989
987
986
983
978
976
975
972
971
970
969
966
964
963
962
959
955
954
951
950
948
944
942
939
938
936
935
933
931
926
925
924
923
922
921
917
914
913
908
907
906
905
900
899
896
895
893
890
889
888
887
886
880
878
877
875
874
870
869
867
865
864
863
860
859
855
854
852
851
850
849
848
845
844
843
842
839
836
831
830
829
827
826
823
822
821
820
819
815
812
811
809
807
804
803
802
799
792
791
790
787
786
785
784
780
779
778
777
776
775
772
771
768
767
766
764
761
757
756
755
754
748
747
746
745
743
742
741
739
738
736
734
733
732
730
729
728
727
725
724
723
722
719
718
713
712
708
707
706
704
702
694
693
692
691
690
688
687
682
680
679
678
677
672
671
669
667
663
658
656
655
654
652
650
649
648
647
646
645
644
642
641
640
639
638
629
627
626
623
621
616
614
613
611
610
606
605
604
602
597
596
594
593
592
591
588
584
576
575
574
570
569
567
565
561
560
559
557
556
555
554
551
550
549
546
541
540
539
538
536
533
532
531
530
526
520
519
516
515
514
509
508
507
506
505
504
502
500
499
497
493
491
489
488
486
485
483
480
479
477
473
472
468
467
463
462
460
457
456
453
451
450
448
446
442
441
440
439
436
435
433
431
430
429
425
423
421
420
416
412
411
406
404
400
397
396
393
391
389
387
381
380
379
378
377
374
370
369
367
364
362
361
360
358
357
356
354
352
351
349
348
347
346
342
340
334
333
332
329
328
326
325
323
320
319
317
316
315
314
313
312
311
309
308
305
303
302
301
300
299
298
296
294
293
292
287
286
284
283
282
281
279
278
277
276
275
274
272
268
267
265
261
260
258
255
254
251
247
245
241
240
239
235
233
232
230
229
228
225
222
220
219
217
216
213
212
211
210
209
208
205
203
202
201
197
196
194
193
192
189
187
186
184
181
179
178
177
176
174
170
167
166
164
159
154
149
148
145
142
141
140
139
136
135
132
127
125
122
121
120
113
112
111
110
109
107
106
103
100
98
92
90
89
87
83
81
78
77
75
74
73
70
63
62
60
56
50
48
45
43
42
41
39
38
35
34
33
29
28
25
24
23
22
21
19
17
16
14
13
11
9
7
5
4
3
1
0 999
2 996
6 995
8 993
10 991
12 990
15 988
18 985
20 984
26 982
27 981
30 980
31 979
32 977
36 974
37 973
40 968
44 967
46 965
47 961
49 960
51 958
52 957
53 956
54 953
55 952
57 949
58 947
59 946
61 945
64 943
65 941
66 940
67 937
68 934
69 932
71 930
72 929
76 928
79 927
80 920
82 919
84 918
85 916
86 915
88 912
91 911
93 910
94 909
95 904
96 903
97 902
99 901
101 898
102 897
104 894
105 892
108 891
114 885
115 884
116 883
117 882
118 881
119 879
123 876
124 873
126 872
128 871
129 868
130 866
131 862
133 861
134 858
137 857
138 856
143 853
144 847
146 846
147 841
150 840
151 838
152 837
153 835
155 834
156 833
157 832
158 828
160 825
161 824
162 818
163 817
165 816
168 814
169 813
171 810
172 808
173 806
175 805
180 801
182 800
183 798
185 797
188 796
190 795
191 794
195 793
198 789
199 788
200 783
204 782
206 781
207 774
214 773
215 770
218 769
221 765
223 763
224 762
226 760
227 759
231 758
234 753
236 752
237 751
238 750
242 749
243 744
244 740
246 737
248 735
249 731
250 726
252 721
253 720
256 717
257 716
259 715
262 714
263 711
264 710
266 709
269 705
270 703
271 701
273 700
280 699
285 698
288 697
289 696
290 695
291 689
295 686
297 685
304 684
306 683
307 681
310 676
318 675
321 674
322 673
324 670
327 668
330 666
331 665
335 664
336 662
337 661
338 660
339 659
341 657
343 653
344 651
345 643
350 637
353 636
355 635
359 634
363 633
365 632
366 631
368 630
371 628
372 625
373 624
375 622
376 620
382 619
383 618
384 617
385 615
386 612
388 609
390 608
392 607
394 603
395 601
398 600
399 599
401 598
402 595
403 590
405 589
407 587
408 586
409 585
410 583
413 582
414 581
415 580
417 579
418 578
419 577
422 573
424 572
426 571
427 568
428 566
432 564
434 563
437 562
438 558
443 553
444 552
445 548
447 547
449 545
452 544
454 543
455 542
458 537
459 535
461 534
464 529
465 528
466 527
469 525
470 524
471 523
474 522
475 521
476 518
478 517
481 513
482 512
484 511
487 510
490 503
492 501
494 498
495 496
